
roots of L5


r12=12
rootof L5 r12
calc r12  =  12.640800844275761
calc L6 r12  =  -122.57642323506242


r7=7
rootof L5 r
calc r7  =  7.085810005858861
calc L6 r7  =  7.382171641305972


r35 = 3.5
rootof L5 r35
calc r35  =  3.5964257710407175
calc L6 r35  =  -1.1469434329138393


r15 = 1.5
rootof L5 r15
calc r15  =  1.413403059106517
calc L6 r15  =  0.3138171846972575


r05 = 0.5
rootof L5 r05
calc r05  =  0.2635603197181409
calc L6 r05  =  -0.11845549135831646



Gauss-Laguerre Quad

INTEGRAL [0..INF] e^(-x)f(x)dx = SIGMA [1<=i<=n] ( w#i * f(x#i) )

	x#i is i-th root of L#n(x) and w#i is:
w#i = x#i / [ (n+1)^2 * ( L#(n+1) (x#i) )^2 ]


x#i for L9
0.152322228
0.807220023
2.005135156
3.783473973
6.204956778
9.372985252
13.46623691
18.83359779
26.37407189

w#i using L10
0.336126422
0.41121398
0.199287525
0.047460563
0.005599627
0.00030525
6.59212E-06
4.11077E-08
3.29087E-11




family Laguerre 6
PLOTF L5  [  0 <=    x    <= 13  <>  0.01  ]  

l5v = [0<=x<=13<>0.01] (abs (L5(x)))

calc abs l5v
(1, 0.9504983354158333, 0.9019866999733334, 0.8544551685475, 0.8078938658133333, 0.7622929661458333, 0.71764269352, 0.6739333214108333, 0.6311551726933333, 0.5892986195425001, 0.5483540833333334, 0.5083120345408334, 0.46916299264000005, 0.4308975260058334, 0.39350625181333343, 0.35697983593749993, 0.32130899285333325, 0.2864844855358334, 0.25249712536, 0.21933777200083315, 0.18699733333333324, 0.15546676533249992, 0.12473707197333317, 0.09479930513083312, 0.06564456447999978, 0.03726399739583308, 0.009648798853333251, 0.017209788672500226, 0.04332047530666672, 0.068691923874167, 0.0933327500000003, 0.11725152220916701, 0.14045676202666701, 0.16295694407750028, 0.1847604961866669, 0.20587579947916712, 0.2263111884800002, 0.2460749512141669, 0.2651753293066672, 0.2836205180825002, 0.30141866666666695, 0.31857787808416704, 0.33510620936000035, 0.35101167161916713, 0.3663022301866672, 0.38098580468750054, 0.395070269146667, 0.4085634520891672, 0.4214731366400002, 0.4338070606241671, 0.4455729166666671, 0.4567783522925004, 0.467430970026667, 0.47753832749416714, 0.4871079375200005, 0.496147268229167, 0.5046637431466672, 0.5126647412975003, 0.5201575973066668, 0.5271496014991668, 0.5336480000000003, 0.5396599948341667, 0.5451927440266668, 0.5502533617025003, 0.5548489181866667, 0.5589864401041673, 0.5626729104800001, 0.5659152688391669, 0.5687204113066668, 0.5710951907074999, 0.5730464166666669, 0.5745808557091667, 0.5757052313600004, 0.5764262242441669, 0.576750472186667, 0.5766845703125001, 0.5762350711466666, 0.5754084847141667, 0.57421127864, 0.5726498782491667, 0.5707306666666667, 0.5684599849175003, 0.5658441320266667, 0.5628893651191667, 0.5596018995199998, 0.5559879088541664, 0.5520535251466665, 0.5478048389224999, 0.5432478993066667, 0.5383887141241666, 0.5332332499999999, 0.5277874324591663, 0.5220571460266663, 0.5160482343274997, 0.5097665001866667, 0.5032177057291665, 0.4964075724799999, 0.4893417814641665, 0.4820259733066663, 0.47446574833249944, 0.46666666666666634, 0.45863424833416677, 0.4503739733599996, 0.44189128186916626, 0.43319157418666654, 0.42428021093750035, 0.4151625131466661, 0.4058437623391664, 0.39632920063999943, 0.3866240308741662, 0.37673341666666604, 0.36666248254249956, 0.3564163140266665, 0.34599995774416614, 0.33541842151999934, 0.32467667447916604, 0.31377964714666606, 0.30273223154749984, 0.2915392813066662, 0.28020561174916625, 0.2687359999999992, 0.25713518508416655, 0.24540786802666625, 0.2335587119525, 0.2215923421866659, 0.20951334635416607, 0.19732627447999995, 0.1850356390891661, 0.17264591530666706, 0.16016154095749968, 0.1475869166666659, 0.13492640595916616, 0.12218433535999829, 0.1093649944941657, 0.09647263618666635, 0.08351147656250069, 0.07048569514666703, 0.05739943496416666, 0.044256802640000314, 0.031061868499166145, 0.01781866666666665, 0.004531195167499336, 0.008796583973334271, 0.02216074463083384, 0.03555739648000056, 0.04898268489583424, 0.062432790853334086, 0.07590393082750058, 0.08939235669333401, 0.10289435562583282, 0.11640625000000093, 0.12992439729083372, 0.14344518997333433, 0.15696505542249906, 0.17048045581333338, 0.183987888020833, 0.19748388352000024, 0.2109650082858343, 0.22442786269333426, 0.23786908141750018, 0.2512853333333348, 0.26467332141583355, 0.2780297826399999, 0.29135148788083454, 0.30463524181333324, 0.3178778828125004, 0.33107628285333435, 0.34422734741083283, 0.3573280153599996, 0.37037525887583356, 0.38336608333333466, 0.3962975272075012, 0.4091666619733343, 0.42197059200583464, 0.4347064544799998, 0.44737141927083424, 0.4599626888533319, 0.4724774982025002, 0.48491311469333376, 0.4972668380008314, 0.509536, 0.5217179646658345, 0.5338101279733334, 0.545809917797499, 0.5577147938133338, 0.5695222473958348, 0.581229801519999, 0.5928350106608329, 0.6043354606933323, 0.6157287687924984, 0.6270125833333333, 0.6381845837908322, 0.6492424806400001, 0.6601840152558316, 0.6710069598133326, 0.6817091171874987, 0.6922883208533321, 0.7027424347858329, 0.713069353359997, 0.7232670012508329, 0.7333333333333323, 0.7432663345824977, 0.753064019973331, 0.7627244343808302, 0.7722456524799964, 0.7816257786458309, 0.7908629468533306, 0.7999553205774956, 0.8089010926933298, 0.8176984853758288, 0.8263457499999975, 0.8348411670408277, 0.8431830459733288, 0.8513697251724954, 0.8593995718133309, 0.8672709817708292, 0.8749823795199928, 0.8825322180358283, 0.8899189786933299, 0.8971411711674939, 0.9041973333333272, 0.9110860311658292, 0.9178058586399945, 0.9243554376308276, 0.9307334178133264, 0.9369384765624945, 0.9429693188533271, 0.9488246771608273, 0.9545033113599932, 0.9600040086258252, 0.9653255833333272, 0.9704668769574962, 0.9754267579733252, 0.9802041217558252, 0.9847978904799921, 0.989207013020826, 0.9934304648533243, 0.9974672479524944, 1.0013163906933245, 1.0049769477508257, 1.0084479999999914, 1.0117286544158257, 1.0148180439733256, 1.017715327547492, 1.0204196898133278, 1.0229303411458288, 1.0252465175199903, 1.027367480410827, 1.029292516693327, 1.031020938542491, 1.0325520833333257, 1.033885313540827, 1.035020016639994, 1.0359556050058283, 1.036691515813326, 1.0372272109374927, 1.0375621768533276, 1.0376959245358266, 1.0376279893599953, 1.0373579310008303, 1.03688533333333, 1.0362098043324945, 1.0353309759733262, 1.0342485041308265, 1.0329620684799967, 1.0314713723958286, 1.0297761428533292, 1.0278761303274961, 1.0257711086933292, 1.0234608751258294, 1.0209452499999936, 1.0182240767908313, 1.0152972219733334, 1.0121645749224997, 1.0088260478133337, 1.0052815755208346, 1.0015311155199982, 0.9975746477858344, 0.9934121746933309, 0.9890437209175018, 0.9844693333333312, 0.9796890809158348, 0.9747030546400008, 0.9695113673808342, 0.9641141538133343, 0.9585115703125003, 0.952703794853336, 0.9466910269108342, 0.9404734873600027, 0.9340514183758413, 0.9274250833333416, 0.9205947667075022, 0.9135607739733316, 0.9063234315058407, 0.8988830864800034, 0.8912401067708398, 0.883394880853341, 0.8753478177025079, 0.8670993466933413, 0.8586499175008437, 0.8500000000000042, 0.8411500841658429, 0.8321006799733373, 0.8228523172975092, 0.8134055458133458, 0.8037609348958492, 0.7939190735200107, 0.7838805701608424, 0.7736460526933455, 0.7632161682925119, 0.7525915833333474, 0.7417729832908455, 0.7307610726400191, 0.7195565747558472, 0.7081602318133497, 0.6965728046875215, 0.6847950728533505, 0.6728278342858558, 0.6606719053600187, 0.6483281207508544, 0.6357973333333603, 0.623080414082519, 0.6101782519733556, 0.5970917538808544, 0.5838218444800193, 0.5703694661458565, 0.5567355788533574, 0.5429211600775272, 0.5289272046933619, 0.5147547248758597, 0.5004047500000273, 0.48587832654085594, 0.47117651797335713, 0.45630040467252986, 0.44125108381336087, 0.4260296692708688, 0.41063729152003037, 0.3950750975358631, 0.3793442506933663, 0.3634459306675297, 0.3473813333333666, 0.33115167066587137, 0.31475817064002887, 0.2982020771308721, 0.2814846498133603, 0.2646071640625314, 0.2475709108533648, 0.2303771966608762, 0.21302734336003437, 0.19552268812586926, 0.1778645833333795, 0.16005439645754116, 0.14209350997337644, 0.12398332125588218, 0.10572524248003878, 0.08732070052087004, 0.068771136853371, 0.050078007452545426, 0.03124278269337777, 0.012266947250873517, 0.006847999999955334, 0.026100546084129927, 0.04548916402662373, 0.0650123129524458, 0.08466843818661607, 0.10445597135411577, 0.12437333047994681, 0.14441892008911417, 0.16459113130661085, 0.18488834195744364, 0.2053089166666131, 0.2258512069591141, 0.24651355135993525, 0.26729427549411566, 0.28819169218662166, 0.3092041015624407, 0.3303297911466172, 0.35156703596410943, 0.37291409863994307, 0.3943692294991077, 0.41593066666660694, 0.4375966361674417, 0.4593653520265999, 0.4812350163691075, 0.5032038195199402, 0.5252699401041079, 0.5474315451466047, 0.5696867901724318, 0.5920338193066015, 0.6144707653740991, 0.6369957499999348, 0.6596068837090985, 0.6823022660266052, 0.7050799855774323, 0.7279381201865964, 0.7508747369790931, 0.7738878924799297, 0.7969756327140969, 0.8201359933065957, 0.8433669995824356, 0.8666666666665945, 0.8900329995840905, 0.9134639933599236, 0.936957633119099, 0.9605118941865936, 0.9841247421874277, 1.0077941331465907, 1.0315180135890896, 1.0552943206399261, 1.079120982124083, 1.1029959166665888, 1.1269170337924175, 1.1508822340265907, 1.1748894089940873, 1.198936441519924, 1.2230212057290877, 1.2471415671465853, 1.2712953827974087, 1.2954805013065886, 1.3196947629990898, 1.3439359999999128, 1.3682020363340839, 1.3924906880265828, 1.4167997632024147, 1.4411270621865766, 1.4654703776040852, 1.4898274944799121, 1.5141961903390841, 1.5385742353065859, 1.5629593922074139, 1.5873494166665774, 1.6117420572090788, 1.6361350553599059, 1.6605261457440776, 1.6849130561865864, 1.709293507812414, 1.733665215146583, 1.758025886214079, 1.7823732226399023, 1.8067049197490688, 1.831018666666587, 1.8553121464174045, 1.8795830360265855, 1.903829006619083, 1.9280477235199123, 1.952236846354066, 1.9763940291465736, 2.0005169204223936, 2.0246031633065766, 2.0486503956240747, 2.072656249999908, 2.0966183539590784, 2.1205343300265866, 2.1444017958274086, 2.168218364186567, 2.191981643229083, 2.2156892364799123, 2.239338742964077, 2.26292775730658, 2.2864538698324117, 2.3099146666665846, 2.333307729834071, 2.3566306373599044, 2.3798809633690796, 2.40305627818657, 2.426154148437405, 2.449172137146584, 2.472107803839076, 2.4949587046399118, 2.5177223923740684, 2.540396416666579, 2.5629783240424144, 2.5854656580265925, 2.6078559592440773, 2.6301467655199127, 2.6523356119790855, 2.6744200311465915, 2.6963975530474014, 2.7182657053065884, 2.7400220132490873, 2.7616639999999095, 2.7831891865840928, 2.8045950920265863, 2.825879233452421, 2.847039126186573, 2.8680722838541013, 2.8889762184799275, 2.90974844058909, 2.930386459306608, 2.950887782457421, 2.9712499166665975, 2.9914703674590974, 3.011546639359925, 3.0314762359941057, 3.0512566601865947, 3.0708854140624275, 3.0903599991465907, 3.1096779164640873, 3.1288366666399225, 3.1478337499990925, 3.1666666666666137, 3.1853329166674342, 3.203830000026607, 3.22215541686911, 3.240306667519926, 3.2582812526041005, 3.2760766731466013, 3.293690430672423, 3.3111200273066226, 3.3283629658740974, 3.3454167499999388, 3.362278884209136, 3.3789468740266093, 3.395418226077446, 3.4116904481866124, 3.4277610494791295, 3.4436275404799623, 3.459287433214122, 3.474738241306631, 3.489977480082457, 3.505002666666633, 3.5198113200841092, 3.5344009613599496, 3.5487691136191417, 3.5629133021866313, 3.576831054687454, 3.590519901146636, 3.603977374089137, 3.6172010086399737, 3.6301883426241135, 3.642936916666649, 3.6554442742924733, 3.667707962026622, 3.6797255294941635, 3.691494529519993, 3.7030125182291522, 3.7142770551466473, 3.72528570329746, 3.7360360293066455, 3.746525603499145, 3.756751999999987, 3.766712796834172, 3.7764055760266526, 3.7858279237024934, 3.7949774301866546, 3.8038516901041595, 3.8124483024799973, 3.8207648708391613, 3.82879900330669, 3.8365483127074995, 3.844010416666686, 3.851182937709157, 3.8580635033600146, 3.864649746244197, 3.870939304186688, 3.87692982031251, 3.882618943146711, 3.888004326714192, 3.893083630640035, 3.897854520249197, 3.902314666666726, 3.9064617469175547, 3.9102934440267045, 3.913807447119246, 3.9170014515200604, 3.9198731588542257, 3.9224202771467205, 3.924640520922549, 3.9265316113067223, 3.928091276124232, 3.9293172500000706, 3.93020727445925, 3.9307590980267406, 3.930970476327583, 3.9308391721867473, 3.9303629557292403, 3.929539604480091, 3.9283669034642523, 3.92684264530678, 3.924964630332604, 3.922730666666771, 3.9201385703342693, 3.9171861653600972, 3.9138712838692893, 3.9101917661867596, 3.906145460937581, 3.9017302251468076, 3.896943924339303, 3.8917844326401188, 3.8862496328742804, 3.8803374166668307, 3.874045684542641, 3.8673723460268237, 3.8603153197443056, 3.852872533520169, 3.84504192447931, 3.836821439146809, 3.8282090335476324, 3.819202673306826, 3.8098003337493456, 3.800000000000183, 3.789799667084359, 3.77919734002686, 3.768191033952685, 3.7567787741868433, 3.744958596354361, 3.7327285464801916, 3.720086681089364, 3.7070310673068905, 3.693559782957734, 3.6796709166668826, 3.6653625679593844, 3.650632847360205, 3.6354798764943883, 3.6199017881868967, 3.6038967265627226, 3.5874628471469094, 3.5705983169644275, 3.55330131464025, 3.535570030499408, 3.517402666666923, 3.4987974371677844, 3.4797525680269414, 3.4602662973694525, 3.440336875520276, 3.419962565104428, 3.399141641146934, 3.377872391172751, 3.3561531153069692, 3.3339821263744644, 3.3113577500002718, 3.2882783247094816, 3.2647422020270085, 3.2407477465777985, 3.216293336186994, 3.1913773619795087, 3.1659982284803236, 3.1401543537145065, 3.1138441693070353, 3.0870661205828682, 3.059818666667028, 3.0321002805845447, 3.0039094493603233, 2.9752446741195318, 2.9461044701870627, 2.9164873671878895, 2.886391909147079, 2.855816654589579, 2.8247601766403774, 2.7932210631245384, 2.7611979166671228, 2.728689354792891, 2.695694010027061, 2.66221052999465, 2.628237577520427, 2.593773830729637, 2.5588179831470743, 2.5233687437979286, 2.4874248373071355, 2.450985003999654, 2.4140480000004687, 2.3766125973346752, 2.338677584027154, 2.300241764203039, 2.2613039581871597, 2.221863002604711, 2.1819177504805487, 2.1414670713397044, 2.1005098513072005, 2.059044993208025, 2.0170714166672075, 1.9745880582096973, 1.9315938713605498, 1.8880878267447159, 1.844068912187224, 1.7995361328130213, 1.7544885111472879, 1.7089250872147392, 1.662844918640595, 1.6162470807497207, 1.5691306666672675, 1.5214947874181397, 1.4733385720272847, 1.4246611676198455, 1.37546173952065, 1.3257394713548067, 1.2754935651472987, 1.2247232414231086, 1.1734277393073613, 1.12160631662486, 1.0692582500006824, 1.0163828349598534, 0.9629793860273554, 0.9090472368282219, 0.8545857401873087, 0.799594268229904, 0.7440722124806864, 0.688018983964898, 0.6314340133074048, 0.5743167508332714, 0.5166666666673971, 0.4584832508348926, 0.3997660133607521, 0.34051448437000276, 0.280728214187447, 0.22040677343825754, 0.15954975314749587, 0.09815676484001812, 0.036227440640806075, 0.026238566625012005, 0.08924158333250809, 0.15278191495668392, 0.21685984597248298, 0.2814756397549043, 0.3466295384791489, 0.4123217630199666, 0.4785525128525052, 0.5453219659516386, 0.6126302786924362, 0.6804775857499095, 0.7488639999991196, 0.8177896124148964, 0.8872544919724461, 0.9572586855465509, 1.0278022178124087, 1.09888509114485, 1.1705072855190388, 1.2426687584098932, 1.3153694446922781, 1.3886092565414576, 1.4623880833323981, 1.5367057915398759, 1.6115622246390557, 1.6869572030047562, 1.7628905238123282, 1.8393619609364587, 1.9163712648523072, 1.9939181625347397, 2.0720023573589734, 2.150623528999773, 2.2297813333322156, 2.309475402331457, 2.389705343972218, 2.470470742129671, 2.5517711564788765, 2.633606122394702, 2.715975150852218, 2.7988777283263895, 2.8823133166921844, 2.9662813531246646, 3.0507812499988094, 3.135812394789678, 3.221374149972134, 3.3074658529213004, 3.3940868158121464, 3.481236325519678, 3.5689136435187203, 3.6571180057846475, 3.7458486226920122, 3.8351046789162404, 3.9248853333320977, 4.0151897189145505, 4.106016942638764, 4.19736608537956, 4.289236201812045, 4.381626320311149, 4.474535442852038, 4.567962544909519, 4.661906575358726, 4.756366456374552, 4.851341083332089, 4.946829324706126, 5.0428300219719615, 5.139341989504444, 5.23636401447859, 5.3338948567693745, 5.431933248851964, 5.530477895701124, 5.629527474691908, 5.729080635499459, 5.829135999998467, 5.929692162164377, 6.0307476879718855, 6.132301115296011, 6.234350953811883, 6.336895684894415, 6.439933761518504, 6.543463608159347, 6.647483620691732, 6.751992166290902, 6.856987583331772, 6.96246818128935, 7.068432240638553, 7.174878012754227, 7.281803719811727, 7.389207554685848, 7.49708768085167, 7.6054422322842585, 7.714269313358367, 7.823566998749283, 7.933333333331864, 8.043566332080843, 8.154263979971748, 8.265424231879145, 8.37704501247839, 8.48912421614412, 8.601659706851622, 8.714649318075814, 8.828090852691595, 8.941982082874098, 9.056320749998232, 9.171104564539073, 9.286331205971576, 9.401998322670773, 9.518103531811674, 9.634644419269131, 9.75161853951816, 9.869023415534073, 9.986856538691425, 10.1051153686657, 10.223797333331577, 10.342899828664002, 10.462420218638234, 10.58235583512901, 10.702703977811574, 10.823461914060536, 10.944626878851395, 11.066196074658926, 11.1881666713581, 11.310535806124047, 11.433300583331551, 11.556458074455636, 11.680005317971437, 11.803939319253798, 11.928257050478104, 12.052955450518883, 12.178031424851405, 12.303481845450634, 12.42930355069133, 12.555493345248905, 12.682047999997993, 12.808964251913745, 12.936238803971303, 13.063868325045568, 13.191849449811441, 13.320178778643877, 13.448852877517952, 13.577868277908815, 13.707221476691187, 13.836908936040386, 13.966927083331198, 14.09727231103889, 14.227940976638036, 14.358929402503726, 14.490233875811171, 14.621850648435325, 14.753775936851156, 14.886005922033752, 15.018536749357862, 15.151364528498776, 15.284485333331258, 15.417895201830326, 15.551590135971264, 15.685566101628568, 15.8198190284778, 15.954344809893637, 16.089139302851173, 16.224198327825366, 16.359517668691105, 16.495093072623618, 16.630920249997647, 16.7669948742885, 16.90331258197105, 17.03986897242033, 17.176659607811157, 17.31368001301862, 17.45092567551774, 17.588392045283555, 17.726074534691005, 17.863968518415113, 18.002069333331054, 18.140372278413494, 18.27887261463774, 18.417565564878533, 18.556446313811108, 18.695510007810004, 18.83475175485087, 18.974166624408447, 19.113749647357622, 19.253495815873496, 19.393400083331155, 19.533457364205194, 19.67366253397101, 19.8140104290034, 19.95449584647753, 20.095113544268504, 20.23585824085098, 20.37672461520027, 20.51770730669091, 20.658800914998345, 20.799999999997446, 20.941299081663402, 21.082692639970787, 21.224175114795077, 21.365740905810988, 21.507384372393563, 21.649099833517592, 21.790881567658477, 21.93272381269073, 22.074620765790094, 22.21656658333095, 22.358555380788466, 22.500581232637597, 22.64263817225329, 22.784720191810784, 22.926821242184896, 23.068935232850713, 23.21105603178335, 23.353177465357522, 23.495293318248486, 23.637397333330888, 23.779483211579972, 23.921544611970784, 24.063575151378185, 24.20556840447743, 24.34751790364332, 24.489417138850868, 24.631259557575127, 24.773038564690637, 24.914747522373354, 25.05637974999739, 25.197928524038225, 25.33938707797073, 25.480748602169935, 25.62200624381079, 25.7631531067684, 25.904182251517405, 26.04508669503336, 26.185859410690686, 26.326493328164794, 26.46698133333071, 26.607316268163384, 26.747490930637454, 26.887498074628173, 27.027330409810816, 27.16698060155969, 27.30644127085061, 27.445704994158145, 27.58476430335738, 27.723611685623286, 27.86223958333095, 28.000640393955006, 28.13880646997081, 28.276730118753136, 28.414403602477336, 28.551819138018118, 28.68896889685084, 28.825845004949958, 28.96243954269073, 29.098744544748204, 29.23475199999731, 29.370453851413085, 29.505841995970716, 29.64090828454499, 29.77564452181094, 29.910042466143338, 30.044093829517376, 30.177790277408246, 30.311123428690653, 30.444084855539877, 30.57666608333078, 30.708858590538288, 30.84065380863745, 30.97204312200311, 31.103017867810813, 31.233569335934753, 31.36368876885063, 31.493367361533277, 31.622596261357423, 31.751366567998417, 31.879669333330863, 32.00749556132996, 32.13483620797076, 32.261682181128165, 32.3880243404774, 32.513853497393406, 32.63916041485096, 32.76393580732524, 32.888170340690706, 33.011854632123246, 33.13497924999726, 33.257534713788125, 33.379511493970895, 33.50090001192007, 33.621690639810936, 33.741873700518425, 33.8614394675176, 33.980378164783374, 34.09867996669069, 34.21633499791503, 34.333333333330806, 34.44966499791338, 34.56531996663757, 34.68028816437824, 34.79455946581095, 34.90812369530994, 35.02097062685092, 35.133089983908526, 35.244471439357746, 35.35510461537347, 35.46497908333102, 35.57408436370525, 35.6824099259711, 35.78994518850341, 35.896679518477775, 36.00260223176838, 36.1077025928511, 36.21196981470031, 36.31539305869107, 36.41796143449856, 36.51966399999764, 36.62048976116371, 36.72042767197107, 36.819466634295225, 36.91759549781117, 37.01480305989359, 37.1110780655178, 37.20640920715881, 37.300785124691124, 37.39419440529042, 37.48662558333131, 37.5780671402889, 37.66850750463787, 37.75793505175368, 37.846338103811256, 37.933704929685405, 38.020023744851215, 38.10528271128378, 38.18946993735813, 38.27257347774865, 38.35458133333141, 38.4354814510805, 38.51526172397151, 38.59390999087891, 38.671414036478296, 38.74776159114394, 38.822940330851644, 38.896937877075665, 38.96974179669134, 39.041339601873986, 39.111718749998225, 39.18086664353913, 39.24877062997142, 39.31541800167091, 39.38079599581146, 39.444891794269296, 39.50769252351814, 39.56918525453422, 39.62935700269172, 39.68819472766591, 39.745685333331664, 39.801815667664414, 39.85657252263848, 39.909942634129216, 39.961912681811924, 40.01246928906097, 40.061599022851965, 40.109288393659355, 40.15552385535859, 40.20029180512428, 40.24357858333185, 40.28537047345617, 40.325653701972044, 40.36441443825462, 40.40163879447884, 40.43731282551971, 40.47142252885219, 40.50395384445141, 40.53489265469219, 40.56422478424966, 40.591935999998796, 40.6180120109149, 40.64243846797231, 40.66520096404634, 40.68628503381238, 40.70567615364481, 40.72335974151909, 40.739321156910165, 40.753545700692506, 40.76601861504172, 40.77672508333242, 40.78565023004001, 40.792779120639295, 40.798096761504915, 40.801588099812676, 40.803238023436684, 40.80303136085279, 40.80095288103531, 40.79698729335948, 40.79111924750034, 40.78333333333283, 40.77361408083185, 40.761945959973, 40.74831338063034, 40.73270069247977, 40.715092184895475, 40.695472086853236, 40.673824566827214, 40.650133732692886, 40.62438363162552, 40.59655824999983, 40.566641513290826, 40.534617285973034, 40.500469371422646, 40.46418151181322, 40.42573738802108, 40.385120619519945, 40.34231476428619, 40.297303318693615, 40.250069717417844, 40.20059733333367, 40.148869477416454, 40.09486939864048, 40.03858028388133, 39.97998525781369, 39.91906738281276, 39.85580965885376, 39.790195023411506, 39.72220635136084, 39.65182645487654, 39.57903808333412, 39.503823923208174, 39.42616659797439, 39.34604866800668, 39.26345263048091, 39.178360919271846, 39.090755904854326, 39.0006198942035, 38.907935130694405, 38.81268379400186, 38.714848000001105, 38.61440980066721, 38.51135118397463, 38.4056540737991, 38.29730032981485, 38.186271747397235, 38.07255005752158, 37.95611692666266, 37.836953956695055, 37.715042684794376, 37.59036458333498, 37.46290105979273, 37.33263345664195, 37.19954305125755, 37.06361105581554, 36.92481861718942, 36.783146816855634, 36.63857667078782, 36.49108912936243, 36.340665077252844, 36.18728533333577, 36.03093065058493, 35.87158171597597, 35.709219150383454, 35.54382350848254, 35.37537527864827, 35.20385488285604, 35.02924267658043, 34.85151894869621, 34.670663921378804, 34.48665775000288, 34.29948052304384, 34.109112261976506, 33.91553292117577, 33.718722387816335, 33.518660481774305, 33.315326955523176, 33.10870149403943, 32.89876371469701, 32.6854931671712, 32.468869333337054, 32.24887162716986, 32.02547939464367, 31.7986719136345, 31.568428393817292, 31.33472797656633, 31.097549734857406, 30.856872673164816, 30.61267572736423, 30.36493776463031, 30.113637583337976, 29.858753912961884, 29.600265413977976, 29.33815067776053, 29.072388226484843, 28.802956513025837, 28.529833920858415, 28.252998763957628, 27.97242928669813, 27.688103663756127, 27.40000000000525, 27.108096330421187, 26.812370619978587, 26.512800763553148, 26.209364585818868, 25.90203984115172, 25.590804213525818, 25.275635316416867, 24.95651069269926, 24.633407814548683, 24.306304083339292, 23.975176829547014, 23.640003312646392, 23.30076072101234, 22.95742617181964, 22.609976710943982, 22.258389312859894, 21.90264088054254, 21.542708245367116, 21.178568167007608, 20.810197333340504, 20.437572360339665, 20.060669791980526, 19.67946610013801, 19.293937684487563, 18.904060872403296, 18.509811918861175, 18.111167006335197, 17.708102244701337, 17.30059367113369, 16.88861725000812, 16.472148872799146, 16.051164357981524, 15.625639450930835, 15.195549823821752, 14.760871075529431, 14.32157873152878, 13.877648243794736, 13.42905499070231, 12.975774276926577, 12.517781333342437, 12.055051316925347, 11.587559310649537, 11.115280323390317, 10.638189289822877, 10.156261070321992, 9.66947045086312, 9.17779214292047, 8.681200783369942, 8.179670934385738, 7.673177083343877, 7.161693642717878, 6.6451949499839005, 6.123655267516304, 5.597048782490968, 5.0653496067815444, 4.528531776864758, 3.98656925371355, 3.4394359227049343, 2.887105593512147, 2.3295520000113497, 1.7667488001775866, 1.198669575985203, 0.6252878333092593, 0.04657700182507152, 0.5374895650920224, 1.1269385904678217, 1.7217968738267118, 2.322091291294216, 2.9278487956947123, 3.5390964166535817, 4.155861260695915, 4.7781705113468185, 5.4060514292308, 6.039531352173092, 6.678637695299248, 7.323397951133179, 7.97383968970057, 8.6299905586258, 9.29187828323526, 9.959530666652299, 10.632975589903044, 11.312241012012143, 11.997354970104702, 12.688345579504936, 13.385241033839247, 14.088069605131277, 14.796859643907153, 15.511639579290932, 16.232437919108605, 16.95928324998453, 17.692204237443352, 18.431229626010623, 19.176388239311134, 19.92770898017059, 20.68522083071244, 21.44895285246357, 22.218934186446997, 22.99519405328991, 23.777761753315158, 24.566666666649642)

al5v  = abs l5v

l5v = [0<=x<=13<>0.01] (abs (L5(x)) )

graph LIM 1 l5v 

graph LIM 0.1 l5v  

l5v = [0<=x<=15<>0.01] (abs (L5(x)) ) 

graph LIM 0.1 l5v   

calc l5v
(1, 0.9504983354158333, 0.9019866999733334, 0.8544551685475, 0.8078938658133333, 0.7622929661458333, 0.71764269352, 0.6739333214108333, 0.6311551726933333, 0.5892986195425001, 0.5483540833333334, 0.5083120345408334, 0.46916299264000005, 0.4308975260058334, 0.39350625181333343, 0.35697983593749993, 0.32130899285333325, 0.2864844855358334, 0.25249712536, 0.21933777200083315, 0.18699733333333324, 0.15546676533249992, 0.12473707197333317, 0.09479930513083312, 0.06564456447999978, 0.03726399739583308, 0.009648798853333251, 0.017209788672500226, 0.04332047530666672, 0.068691923874167, 0.0933327500000003, 0.11725152220916701, 0.14045676202666701, 0.16295694407750028, 0.1847604961866669, 0.20587579947916712, 0.2263111884800002, 0.2460749512141669, 0.2651753293066672, 0.2836205180825002, 0.30141866666666695, 0.31857787808416704, 0.33510620936000035, 0.35101167161916713, 0.3663022301866672, 0.38098580468750054, 0.395070269146667, 0.4085634520891672, 0.4214731366400002, 0.4338070606241671, 0.4455729166666671, 0.4567783522925004, 0.467430970026667, 0.47753832749416714, 0.4871079375200005, 0.496147268229167, 0.5046637431466672, 0.5126647412975003, 0.5201575973066668, 0.5271496014991668, 0.5336480000000003, 0.5396599948341667, 0.5451927440266668, 0.5502533617025003, 0.5548489181866667, 0.5589864401041673, 0.5626729104800001, 0.5659152688391669, 0.5687204113066668, 0.5710951907074999, 0.5730464166666669, 0.5745808557091667, 0.5757052313600004, 0.5764262242441669, 0.576750472186667, 0.5766845703125001, 0.5762350711466666, 0.5754084847141667, 0.57421127864, 0.5726498782491667, 0.5707306666666667, 0.5684599849175003, 0.5658441320266667, 0.5628893651191667, 0.5596018995199998, 0.5559879088541664, 0.5520535251466665, 0.5478048389224999, 0.5432478993066667, 0.5383887141241666, 0.5332332499999999, 0.5277874324591663, 0.5220571460266663, 0.5160482343274997, 0.5097665001866667, 0.5032177057291665, 0.4964075724799999, 0.4893417814641665, 0.4820259733066663, 0.47446574833249944, 0.46666666666666634, 0.45863424833416677, 0.4503739733599996, 0.44189128186916626, 0.43319157418666654, 0.42428021093750035, 0.4151625131466661, 0.4058437623391664, 0.39632920063999943, 0.3866240308741662, 0.37673341666666604, 0.36666248254249956, 0.3564163140266665, 0.34599995774416614, 0.33541842151999934, 0.32467667447916604, 0.31377964714666606, 0.30273223154749984, 0.2915392813066662, 0.28020561174916625, 0.2687359999999992, 0.25713518508416655, 0.24540786802666625, 0.2335587119525, 0.2215923421866659, 0.20951334635416607, 0.19732627447999995, 0.1850356390891661, 0.17264591530666706, 0.16016154095749968, 0.1475869166666659, 0.13492640595916616, 0.12218433535999829, 0.1093649944941657, 0.09647263618666635, 0.08351147656250069, 0.07048569514666703, 0.05739943496416666, 0.044256802640000314, 0.031061868499166145, 0.01781866666666665, 0.004531195167499336, 0.008796583973334271, 0.02216074463083384, 0.03555739648000056, 0.04898268489583424, 0.062432790853334086, 0.07590393082750058, 0.08939235669333401, 0.10289435562583282, 0.11640625000000093, 0.12992439729083372, 0.14344518997333433, 0.15696505542249906, 0.17048045581333338, 0.183987888020833, 0.19748388352000024, 0.2109650082858343, 0.22442786269333426, 0.23786908141750018, 0.2512853333333348, 0.26467332141583355, 0.2780297826399999, 0.29135148788083454, 0.30463524181333324, 0.3178778828125004, 0.33107628285333435, 0.34422734741083283, 0.3573280153599996, 0.37037525887583356, 0.38336608333333466, 0.3962975272075012, 0.4091666619733343, 0.42197059200583464, 0.4347064544799998, 0.44737141927083424, 0.4599626888533319, 0.4724774982025002, 0.48491311469333376, 0.4972668380008314, 0.509536, 0.5217179646658345, 0.5338101279733334, 0.545809917797499, 0.5577147938133338, 0.5695222473958348, 0.581229801519999, 0.5928350106608329, 0.6043354606933323, 0.6157287687924984, 0.6270125833333333, 0.6381845837908322, 0.6492424806400001, 0.6601840152558316, 0.6710069598133326, 0.6817091171874987, 0.6922883208533321, 0.7027424347858329, 0.713069353359997, 0.7232670012508329, 0.7333333333333323, 0.7432663345824977, 0.753064019973331, 0.7627244343808302, 0.7722456524799964, 0.7816257786458309, 0.7908629468533306, 0.7999553205774956, 0.8089010926933298, 0.8176984853758288, 0.8263457499999975, 0.8348411670408277, 0.8431830459733288, 0.8513697251724954, 0.8593995718133309, 0.8672709817708292, 0.8749823795199928, 0.8825322180358283, 0.8899189786933299, 0.8971411711674939, 0.9041973333333272, 0.9110860311658292, 0.9178058586399945, 0.9243554376308276, 0.9307334178133264, 0.9369384765624945, 0.9429693188533271, 0.9488246771608273, 0.9545033113599932, 0.9600040086258252, 0.9653255833333272, 0.9704668769574962, 0.9754267579733252, 0.9802041217558252, 0.9847978904799921, 0.989207013020826, 0.9934304648533243, 0.9974672479524944, 1.0013163906933245, 1.0049769477508257, 1.0084479999999914, 1.0117286544158257, 1.0148180439733256, 1.017715327547492, 1.0204196898133278, 1.0229303411458288, 1.0252465175199903, 1.027367480410827, 1.029292516693327, 1.031020938542491, 1.0325520833333257, 1.033885313540827, 1.035020016639994, 1.0359556050058283, 1.036691515813326, 1.0372272109374927, 1.0375621768533276, 1.0376959245358266, 1.0376279893599953, 1.0373579310008303, 1.03688533333333, 1.0362098043324945, 1.0353309759733262, 1.0342485041308265, 1.0329620684799967, 1.0314713723958286, 1.0297761428533292, 1.0278761303274961, 1.0257711086933292, 1.0234608751258294, 1.0209452499999936, 1.0182240767908313, 1.0152972219733334, 1.0121645749224997, 1.0088260478133337, 1.0052815755208346, 1.0015311155199982, 0.9975746477858344, 0.9934121746933309, 0.9890437209175018, 0.9844693333333312, 0.9796890809158348, 0.9747030546400008, 0.9695113673808342, 0.9641141538133343, 0.9585115703125003, 0.952703794853336, 0.9466910269108342, 0.9404734873600027, 0.9340514183758413, 0.9274250833333416, 0.9205947667075022, 0.9135607739733316, 0.9063234315058407, 0.8988830864800034, 0.8912401067708398, 0.883394880853341, 0.8753478177025079, 0.8670993466933413, 0.8586499175008437, 0.8500000000000042, 0.8411500841658429, 0.8321006799733373, 0.8228523172975092, 0.8134055458133458, 0.8037609348958492, 0.7939190735200107, 0.7838805701608424, 0.7736460526933455, 0.7632161682925119, 0.7525915833333474, 0.7417729832908455, 0.7307610726400191, 0.7195565747558472, 0.7081602318133497, 0.6965728046875215, 0.6847950728533505, 0.6728278342858558, 0.6606719053600187, 0.6483281207508544, 0.6357973333333603, 0.623080414082519, 0.6101782519733556, 0.5970917538808544, 0.5838218444800193, 0.5703694661458565, 0.5567355788533574, 0.5429211600775272, 0.5289272046933619, 0.5147547248758597, 0.5004047500000273, 0.48587832654085594, 0.47117651797335713, 0.45630040467252986, 0.44125108381336087, 0.4260296692708688, 0.41063729152003037, 0.3950750975358631, 0.3793442506933663, 0.3634459306675297, 0.3473813333333666, 0.33115167066587137, 0.31475817064002887, 0.2982020771308721, 0.2814846498133603, 0.2646071640625314, 0.2475709108533648, 0.2303771966608762, 0.21302734336003437, 0.19552268812586926, 0.1778645833333795, 0.16005439645754116, 0.14209350997337644, 0.12398332125588218, 0.10572524248003878, 0.08732070052087004, 0.068771136853371, 0.050078007452545426, 0.03124278269337777, 0.012266947250873517, 0.006847999999955334, 0.026100546084129927, 0.04548916402662373, 0.0650123129524458, 0.08466843818661607, 0.10445597135411577, 0.12437333047994681, 0.14441892008911417, 0.16459113130661085, 0.18488834195744364, 0.2053089166666131, 0.2258512069591141, 0.24651355135993525, 0.26729427549411566, 0.28819169218662166, 0.3092041015624407, 0.3303297911466172, 0.35156703596410943, 0.37291409863994307, 0.3943692294991077, 0.41593066666660694, 0.4375966361674417, 0.4593653520265999, 0.4812350163691075, 0.5032038195199402, 0.5252699401041079, 0.5474315451466047, 0.5696867901724318, 0.5920338193066015, 0.6144707653740991, 0.6369957499999348, 0.6596068837090985, 0.6823022660266052, 0.7050799855774323, 0.7279381201865964, 0.7508747369790931, 0.7738878924799297, 0.7969756327140969, 0.8201359933065957, 0.8433669995824356, 0.8666666666665945, 0.8900329995840905, 0.9134639933599236, 0.936957633119099, 0.9605118941865936, 0.9841247421874277, 1.0077941331465907, 1.0315180135890896, 1.0552943206399261, 1.079120982124083, 1.1029959166665888, 1.1269170337924175, 1.1508822340265907, 1.1748894089940873, 1.198936441519924, 1.2230212057290877, 1.2471415671465853, 1.2712953827974087, 1.2954805013065886, 1.3196947629990898, 1.3439359999999128, 1.3682020363340839, 1.3924906880265828, 1.4167997632024147, 1.4411270621865766, 1.4654703776040852, 1.4898274944799121, 1.5141961903390841, 1.5385742353065859, 1.5629593922074139, 1.5873494166665774, 1.6117420572090788, 1.6361350553599059, 1.6605261457440776, 1.6849130561865864, 1.709293507812414, 1.733665215146583, 1.758025886214079, 1.7823732226399023, 1.8067049197490688, 1.831018666666587, 1.8553121464174045, 1.8795830360265855, 1.903829006619083, 1.9280477235199123, 1.952236846354066, 1.9763940291465736, 2.0005169204223936, 2.0246031633065766, 2.0486503956240747, 2.072656249999908, 2.0966183539590784, 2.1205343300265866, 2.1444017958274086, 2.168218364186567, 2.191981643229083, 2.2156892364799123, 2.239338742964077, 2.26292775730658, 2.2864538698324117, 2.3099146666665846, 2.333307729834071, 2.3566306373599044, 2.3798809633690796, 2.40305627818657, 2.426154148437405, 2.449172137146584, 2.472107803839076, 2.4949587046399118, 2.5177223923740684, 2.540396416666579, 2.5629783240424144, 2.5854656580265925, 2.6078559592440773, 2.6301467655199127, 2.6523356119790855, 2.6744200311465915, 2.6963975530474014, 2.7182657053065884, 2.7400220132490873, 2.7616639999999095, 2.7831891865840928, 2.8045950920265863, 2.825879233452421, 2.847039126186573, 2.8680722838541013, 2.8889762184799275, 2.90974844058909, 2.930386459306608, 2.950887782457421, 2.9712499166665975, 2.9914703674590974, 3.011546639359925, 3.0314762359941057, 3.0512566601865947, 3.0708854140624275, 3.0903599991465907, 3.1096779164640873, 3.1288366666399225, 3.1478337499990925, 3.1666666666666137, 3.1853329166674342, 3.203830000026607, 3.22215541686911, 3.240306667519926, 3.2582812526041005, 3.2760766731466013, 3.293690430672423, 3.3111200273066226, 3.3283629658740974, 3.3454167499999388, 3.362278884209136, 3.3789468740266093, 3.395418226077446, 3.4116904481866124, 3.4277610494791295, 3.4436275404799623, 3.459287433214122, 3.474738241306631, 3.489977480082457, 3.505002666666633, 3.5198113200841092, 3.5344009613599496, 3.5487691136191417, 3.5629133021866313, 3.576831054687454, 3.590519901146636, 3.603977374089137, 3.6172010086399737, 3.6301883426241135, 3.642936916666649, 3.6554442742924733, 3.667707962026622, 3.6797255294941635, 3.691494529519993, 3.7030125182291522, 3.7142770551466473, 3.72528570329746, 3.7360360293066455, 3.746525603499145, 3.756751999999987, 3.766712796834172, 3.7764055760266526, 3.7858279237024934, 3.7949774301866546, 3.8038516901041595, 3.8124483024799973, 3.8207648708391613, 3.82879900330669, 3.8365483127074995, 3.844010416666686, 3.851182937709157, 3.8580635033600146, 3.864649746244197, 3.870939304186688, 3.87692982031251, 3.882618943146711, 3.888004326714192, 3.893083630640035, 3.897854520249197, 3.902314666666726, 3.9064617469175547, 3.9102934440267045, 3.913807447119246, 3.9170014515200604, 3.9198731588542257, 3.9224202771467205, 3.924640520922549, 3.9265316113067223, 3.928091276124232, 3.9293172500000706, 3.93020727445925, 3.9307590980267406, 3.930970476327583, 3.9308391721867473, 3.9303629557292403, 3.929539604480091, 3.9283669034642523, 3.92684264530678, 3.924964630332604, 3.922730666666771, 3.9201385703342693, 3.9171861653600972, 3.9138712838692893, 3.9101917661867596, 3.906145460937581, 3.9017302251468076, 3.896943924339303, 3.8917844326401188, 3.8862496328742804, 3.8803374166668307, 3.874045684542641, 3.8673723460268237, 3.8603153197443056, 3.852872533520169, 3.84504192447931, 3.836821439146809, 3.8282090335476324, 3.819202673306826, 3.8098003337493456, 3.800000000000183, 3.789799667084359, 3.77919734002686, 3.768191033952685, 3.7567787741868433, 3.744958596354361, 3.7327285464801916, 3.720086681089364, 3.7070310673068905, 3.693559782957734, 3.6796709166668826, 3.6653625679593844, 3.650632847360205, 3.6354798764943883, 3.6199017881868967, 3.6038967265627226, 3.5874628471469094, 3.5705983169644275, 3.55330131464025, 3.535570030499408, 3.517402666666923, 3.4987974371677844, 3.4797525680269414, 3.4602662973694525, 3.440336875520276, 3.419962565104428, 3.399141641146934, 3.377872391172751, 3.3561531153069692, 3.3339821263744644, 3.3113577500002718, 3.2882783247094816, 3.2647422020270085, 3.2407477465777985, 3.216293336186994, 3.1913773619795087, 3.1659982284803236, 3.1401543537145065, 3.1138441693070353, 3.0870661205828682, 3.059818666667028, 3.0321002805845447, 3.0039094493603233, 2.9752446741195318, 2.9461044701870627, 2.9164873671878895, 2.886391909147079, 2.855816654589579, 2.8247601766403774, 2.7932210631245384, 2.7611979166671228, 2.728689354792891, 2.695694010027061, 2.66221052999465, 2.628237577520427, 2.593773830729637, 2.5588179831470743, 2.5233687437979286, 2.4874248373071355, 2.450985003999654, 2.4140480000004687, 2.3766125973346752, 2.338677584027154, 2.300241764203039, 2.2613039581871597, 2.221863002604711, 2.1819177504805487, 2.1414670713397044, 2.1005098513072005, 2.059044993208025, 2.0170714166672075, 1.9745880582096973, 1.9315938713605498, 1.8880878267447159, 1.844068912187224, 1.7995361328130213, 1.7544885111472879, 1.7089250872147392, 1.662844918640595, 1.6162470807497207, 1.5691306666672675, 1.5214947874181397, 1.4733385720272847, 1.4246611676198455, 1.37546173952065, 1.3257394713548067, 1.2754935651472987, 1.2247232414231086, 1.1734277393073613, 1.12160631662486, 1.0692582500006824, 1.0163828349598534, 0.9629793860273554, 0.9090472368282219, 0.8545857401873087, 0.799594268229904, 0.7440722124806864, 0.688018983964898, 0.6314340133074048, 0.5743167508332714, 0.5166666666673971, 0.4584832508348926, 0.3997660133607521, 0.34051448437000276, 0.280728214187447, 0.22040677343825754, 0.15954975314749587, 0.09815676484001812, 0.036227440640806075, 0.026238566625012005, 0.08924158333250809, 0.15278191495668392, 0.21685984597248298, 0.2814756397549043, 0.3466295384791489, 0.4123217630199666, 0.4785525128525052, 0.5453219659516386, 0.6126302786924362, 0.6804775857499095, 0.7488639999991196, 0.8177896124148964, 0.8872544919724461, 0.9572586855465509, 1.0278022178124087, 1.09888509114485, 1.1705072855190388, 1.2426687584098932, 1.3153694446922781, 1.3886092565414576, 1.4623880833323981, 1.5367057915398759, 1.6115622246390557, 1.6869572030047562, 1.7628905238123282, 1.8393619609364587, 1.9163712648523072, 1.9939181625347397, 2.0720023573589734, 2.150623528999773, 2.2297813333322156, 2.309475402331457, 2.389705343972218, 2.470470742129671, 2.5517711564788765, 2.633606122394702, 2.715975150852218, 2.7988777283263895, 2.8823133166921844, 2.9662813531246646, 3.0507812499988094, 3.135812394789678, 3.221374149972134, 3.3074658529213004, 3.3940868158121464, 3.481236325519678, 3.5689136435187203, 3.6571180057846475, 3.7458486226920122, 3.8351046789162404, 3.9248853333320977, 4.0151897189145505, 4.106016942638764, 4.19736608537956, 4.289236201812045, 4.381626320311149, 4.474535442852038, 4.567962544909519, 4.661906575358726, 4.756366456374552, 4.851341083332089, 4.946829324706126, 5.0428300219719615, 5.139341989504444, 5.23636401447859, 5.3338948567693745, 5.431933248851964, 5.530477895701124, 5.629527474691908, 5.729080635499459, 5.829135999998467, 5.929692162164377, 6.0307476879718855, 6.132301115296011, 6.234350953811883, 6.336895684894415, 6.439933761518504, 6.543463608159347, 6.647483620691732, 6.751992166290902, 6.856987583331772, 6.96246818128935, 7.068432240638553, 7.174878012754227, 7.281803719811727, 7.389207554685848, 7.49708768085167, 7.6054422322842585, 7.714269313358367, 7.823566998749283, 7.933333333331864, 8.043566332080843, 8.154263979971748, 8.265424231879145, 8.37704501247839, 8.48912421614412, 8.601659706851622, 8.714649318075814, 8.828090852691595, 8.941982082874098, 9.056320749998232, 9.171104564539073, 9.286331205971576, 9.401998322670773, 9.518103531811674, 9.634644419269131, 9.75161853951816, 9.869023415534073, 9.986856538691425, 10.1051153686657, 10.223797333331577, 10.342899828664002, 10.462420218638234, 10.58235583512901, 10.702703977811574, 10.823461914060536, 10.944626878851395, 11.066196074658926, 11.1881666713581, 11.310535806124047, 11.433300583331551, 11.556458074455636, 11.680005317971437, 11.803939319253798, 11.928257050478104, 12.052955450518883, 12.178031424851405, 12.303481845450634, 12.42930355069133, 12.555493345248905, 12.682047999997993, 12.808964251913745, 12.936238803971303, 13.063868325045568, 13.191849449811441, 13.320178778643877, 13.448852877517952, 13.577868277908815, 13.707221476691187, 13.836908936040386, 13.966927083331198, 14.09727231103889, 14.227940976638036, 14.358929402503726, 14.490233875811171, 14.621850648435325, 14.753775936851156, 14.886005922033752, 15.018536749357862, 15.151364528498776, 15.284485333331258, 15.417895201830326, 15.551590135971264, 15.685566101628568, 15.8198190284778, 15.954344809893637, 16.089139302851173, 16.224198327825366, 16.359517668691105, 16.495093072623618, 16.630920249997647, 16.7669948742885, 16.90331258197105, 17.03986897242033, 17.176659607811157, 17.31368001301862, 17.45092567551774, 17.588392045283555, 17.726074534691005, 17.863968518415113, 18.002069333331054, 18.140372278413494, 18.27887261463774, 18.417565564878533, 18.556446313811108, 18.695510007810004, 18.83475175485087, 18.974166624408447, 19.113749647357622, 19.253495815873496, 19.393400083331155, 19.533457364205194, 19.67366253397101, 19.8140104290034, 19.95449584647753, 20.095113544268504, 20.23585824085098, 20.37672461520027, 20.51770730669091, 20.658800914998345, 20.799999999997446, 20.941299081663402, 21.082692639970787, 21.224175114795077, 21.365740905810988, 21.507384372393563, 21.649099833517592, 21.790881567658477, 21.93272381269073, 22.074620765790094, 22.21656658333095, 22.358555380788466, 22.500581232637597, 22.64263817225329, 22.784720191810784, 22.926821242184896, 23.068935232850713, 23.21105603178335, 23.353177465357522, 23.495293318248486, 23.637397333330888, 23.779483211579972, 23.921544611970784, 24.063575151378185, 24.20556840447743, 24.34751790364332, 24.489417138850868, 24.631259557575127, 24.773038564690637, 24.914747522373354, 25.05637974999739, 25.197928524038225, 25.33938707797073, 25.480748602169935, 25.62200624381079, 25.7631531067684, 25.904182251517405, 26.04508669503336, 26.185859410690686, 26.326493328164794, 26.46698133333071, 26.607316268163384, 26.747490930637454, 26.887498074628173, 27.027330409810816, 27.16698060155969, 27.30644127085061, 27.445704994158145, 27.58476430335738, 27.723611685623286, 27.86223958333095, 28.000640393955006, 28.13880646997081, 28.276730118753136, 28.414403602477336, 28.551819138018118, 28.68896889685084, 28.825845004949958, 28.96243954269073, 29.098744544748204, 29.23475199999731, 29.370453851413085, 29.505841995970716, 29.64090828454499, 29.77564452181094, 29.910042466143338, 30.044093829517376, 30.177790277408246, 30.311123428690653, 30.444084855539877, 30.57666608333078, 30.708858590538288, 30.84065380863745, 30.97204312200311, 31.103017867810813, 31.233569335934753, 31.36368876885063, 31.493367361533277, 31.622596261357423, 31.751366567998417, 31.879669333330863, 32.00749556132996, 32.13483620797076, 32.261682181128165, 32.3880243404774, 32.513853497393406, 32.63916041485096, 32.76393580732524, 32.888170340690706, 33.011854632123246, 33.13497924999726, 33.257534713788125, 33.379511493970895, 33.50090001192007, 33.621690639810936, 33.741873700518425, 33.8614394675176, 33.980378164783374, 34.09867996669069, 34.21633499791503, 34.333333333330806, 34.44966499791338, 34.56531996663757, 34.68028816437824, 34.79455946581095, 34.90812369530994, 35.02097062685092, 35.133089983908526, 35.244471439357746, 35.35510461537347, 35.46497908333102, 35.57408436370525, 35.6824099259711, 35.78994518850341, 35.896679518477775, 36.00260223176838, 36.1077025928511, 36.21196981470031, 36.31539305869107, 36.41796143449856, 36.51966399999764, 36.62048976116371, 36.72042767197107, 36.819466634295225, 36.91759549781117, 37.01480305989359, 37.1110780655178, 37.20640920715881, 37.300785124691124, 37.39419440529042, 37.48662558333131, 37.5780671402889, 37.66850750463787, 37.75793505175368, 37.846338103811256, 37.933704929685405, 38.020023744851215, 38.10528271128378, 38.18946993735813, 38.27257347774865, 38.35458133333141, 38.4354814510805, 38.51526172397151, 38.59390999087891, 38.671414036478296, 38.74776159114394, 38.822940330851644, 38.896937877075665, 38.96974179669134, 39.041339601873986, 39.111718749998225, 39.18086664353913, 39.24877062997142, 39.31541800167091, 39.38079599581146, 39.444891794269296, 39.50769252351814, 39.56918525453422, 39.62935700269172, 39.68819472766591, 39.745685333331664, 39.801815667664414, 39.85657252263848, 39.909942634129216, 39.961912681811924, 40.01246928906097, 40.061599022851965, 40.109288393659355, 40.15552385535859, 40.20029180512428, 40.24357858333185, 40.28537047345617, 40.325653701972044, 40.36441443825462, 40.40163879447884, 40.43731282551971, 40.47142252885219, 40.50395384445141, 40.53489265469219, 40.56422478424966, 40.591935999998796, 40.6180120109149, 40.64243846797231, 40.66520096404634, 40.68628503381238, 40.70567615364481, 40.72335974151909, 40.739321156910165, 40.753545700692506, 40.76601861504172, 40.77672508333242, 40.78565023004001, 40.792779120639295, 40.798096761504915, 40.801588099812676, 40.803238023436684, 40.80303136085279, 40.80095288103531, 40.79698729335948, 40.79111924750034, 40.78333333333283, 40.77361408083185, 40.761945959973, 40.74831338063034, 40.73270069247977, 40.715092184895475, 40.695472086853236, 40.673824566827214, 40.650133732692886, 40.62438363162552, 40.59655824999983, 40.566641513290826, 40.534617285973034, 40.500469371422646, 40.46418151181322, 40.42573738802108, 40.385120619519945, 40.34231476428619, 40.297303318693615, 40.250069717417844, 40.20059733333367, 40.148869477416454, 40.09486939864048, 40.03858028388133, 39.97998525781369, 39.91906738281276, 39.85580965885376, 39.790195023411506, 39.72220635136084, 39.65182645487654, 39.57903808333412, 39.503823923208174, 39.42616659797439, 39.34604866800668, 39.26345263048091, 39.178360919271846, 39.090755904854326, 39.0006198942035, 38.907935130694405, 38.81268379400186, 38.714848000001105, 38.61440980066721, 38.51135118397463, 38.4056540737991, 38.29730032981485, 38.186271747397235, 38.07255005752158, 37.95611692666266, 37.836953956695055, 37.715042684794376, 37.59036458333498, 37.46290105979273, 37.33263345664195, 37.19954305125755, 37.06361105581554, 36.92481861718942, 36.783146816855634, 36.63857667078782, 36.49108912936243, 36.340665077252844, 36.18728533333577, 36.03093065058493, 35.87158171597597, 35.709219150383454, 35.54382350848254, 35.37537527864827, 35.20385488285604, 35.02924267658043, 34.85151894869621, 34.670663921378804, 34.48665775000288, 34.29948052304384, 34.109112261976506, 33.91553292117577, 33.718722387816335, 33.518660481774305, 33.315326955523176, 33.10870149403943, 32.89876371469701, 32.6854931671712, 32.468869333337054, 32.24887162716986, 32.02547939464367, 31.7986719136345, 31.568428393817292, 31.33472797656633, 31.097549734857406, 30.856872673164816, 30.61267572736423, 30.36493776463031, 30.113637583337976, 29.858753912961884, 29.600265413977976, 29.33815067776053, 29.072388226484843, 28.802956513025837, 28.529833920858415, 28.252998763957628, 27.97242928669813, 27.688103663756127, 27.40000000000525, 27.108096330421187, 26.812370619978587, 26.512800763553148, 26.209364585818868, 25.90203984115172, 25.590804213525818, 25.275635316416867, 24.95651069269926, 24.633407814548683, 24.306304083339292, 23.975176829547014, 23.640003312646392, 23.30076072101234, 22.95742617181964, 22.609976710943982, 22.258389312859894, 21.90264088054254, 21.542708245367116, 21.178568167007608, 20.810197333340504, 20.437572360339665, 20.060669791980526, 19.67946610013801, 19.293937684487563, 18.904060872403296, 18.509811918861175, 18.111167006335197, 17.708102244701337, 17.30059367113369, 16.88861725000812, 16.472148872799146, 16.051164357981524, 15.625639450930835, 15.195549823821752, 14.760871075529431, 14.32157873152878, 13.877648243794736, 13.42905499070231, 12.975774276926577, 12.517781333342437, 12.055051316925347, 11.587559310649537, 11.115280323390317, 10.638189289822877, 10.156261070321992, 9.66947045086312, 9.17779214292047, 8.681200783369942, 8.179670934385738, 7.673177083343877, 7.161693642717878, 6.6451949499839005, 6.123655267516304, 5.597048782490968, 5.0653496067815444, 4.528531776864758, 3.98656925371355, 3.4394359227049343, 2.887105593512147, 2.3295520000113497, 1.7667488001775866, 1.198669575985203, 0.6252878333092593, 0.04657700182507152, 0.5374895650920224, 1.1269385904678217, 1.7217968738267118, 2.322091291294216, 2.9278487956947123, 3.5390964166535817, 4.155861260695915, 4.7781705113468185, 5.4060514292308, 6.039531352173092, 6.678637695299248, 7.323397951133179, 7.97383968970057, 8.6299905586258, 9.29187828323526, 9.959530666652299, 10.632975589903044, 11.312241012012143, 11.997354970104702, 12.688345579504936, 13.385241033839247, 14.088069605131277, 14.796859643907153, 15.511639579290932, 16.232437919108605, 16.95928324998453, 17.692204237443352, 18.431229626010623, 19.176388239311134, 19.92770898017059, 20.68522083071244, 21.44895285246357, 22.218934186446997, 22.99519405328991, 23.777761753315158, 24.566666666649642, 25.36193825331651, 26.163606053342363, 26.971699686850936, 27.7862488541684, 28.607283335919842, 29.434832993128556, 30.268927767321152, 31.109597680621512, 31.95687283585535, 32.81078341664746, 33.67135968752339, 34.53863199400718, 35.41263076272501, 36.29338650149998, 37.18092979945949, 38.07529132712665, 38.976501836527326, 39.884592161286314, 40.7995932167287, 41.72153599997947, 42.65045159006353, 43.58637114800585, 44.529325916931214, 45.47934722216534, 46.436466471332245, 47.40071515445813, 48.372124844066846, 49.350727195284435, 50.33655394593474, 51.32963691664412, 52.330008010936275, 53.33769921533724, 54.352742599470545, 55.37517031616321, 56.40501460153935, 57.44230777512268, 58.48708223994049, 59.53937048261554, 60.59920507347515, 61.666618666642016, 62.741644000142685, 63.82431389600181, 64.91466126034413, 66.01271908349447, 67.11852044007857, 68.23209848912056, 69.35348647414635, 70.48271772328009, 71.61982564934769, 72.7648437499736, 73.91780560768228, 75.07874489, 76.24769534954987, 77.42469082415931, 78.60976523695147, 79.8029525964521, 81.00428699668598, 82.21380261727822, 83.43153372355376, 84.6575146666379, 85.89177988355453, 87.13436389733081, 88.38530131708934, 89.64462683815688, 90.91237524215755, 92.18858139711612, 93.47328025755873, 94.76650686460893, 96.0682963460932, 97.37868391663532, 98.69770487776125, 100.02539461799489, 101.36178861296202, 102.70692242548745, 104.06083170569694, 105.42355219111359, 106.7951197067647, 108.17557016527351, 109.56493956696582, 110.96326399996641, 112.37057964030038, 113.78692275199285, 115.21232968716791, 116.64683688615203, 118.09048087756946, 119.54329827844515, 121.00532579430373, 122.47660021927129, 123.9571584361716, 125.44703741663027, 126.94627422117226, 128.4549059993232, 129.97296998970697, 131.50050352014955, 133.03754400777507, 134.58412895910894, 136.1402959701761, 137.7060827266017, 139.2815270037105, 140.86666666662774, 142.46153967037836, 144.06618405998688, 145.68063797057968, 147.30493962747988, 148.9391273463139, 150.58323953310577, 152.2373146843815, 153.90139138726508, 155.5755083195826, 157.25970424995856, 158.95401803791714, 160.65848863398472, 162.37315507978445, 164.09805650814374, 165.83323214318597, 167.57872130043643, 169.3345633869202, 171.1007979012624, 172.87746443378782, 174.66460266662173, 176.46225237378894, 178.27045342131467, 180.089245767323, 181.9186694621409, 183.75876464839178, 185.6095715611001, 187.47113052779252, 189.34348196859284, 191.22666639632695, 193.1207244166188, 195.02569672799473, 196.9416241219777, 198.86854748319539, 200.8065077894707, 202.75554611193002, 204.7157036150965, 206.68702155699742, 208.66954128925573, 210.66330425719838, 212.668351999949, 214.68472615053292, 216.71246843597507, 218.7516206774, 220.80222479013418, 222.86432278380138, 224.9379567624271, 227.02316892453553, 229.12000156325294, 231.22849706640315, 233.34869791661234, 235.4806466914042, 237.62438606330434, 239.77995879993804, 241.94740776413062, 244.12677591400677, 246.31810630308962, 248.52144208040744, 250.7368264905822, 252.96430287394173, 255.20391466660817, 257.4557054006094, 259.7197187039676, 261.99599830080973, 264.28458801145985, 266.58553175254445, 268.89887353708616, 271.22465747461166, 273.56292777124514, 275.9137287298125, 278.2771047499384, 280.65310032814693, 283.04176005796444, 285.44312863001403, 287.8572508321232, 290.2841715494152, 292.7239357644155, 295.17658855714916, 297.64217510524196, 300.1207406840167, 302.6123306666004, 305.1169905240176, 307.6347658252932, 310.16570223755195, 312.7098455261193, 315.2672415546199, 317.8379362850782, 320.4219757780205, 323.01940619257056, 325.6302737865546, 328.25462491659636, 330.89250603822217, 333.5439637059556, 336.20904457342317, 338.8877953934476, 341.580263018157, 344.28649439907394, 347.00653658722416, 349.7404367332329, 352.4882420874248, 355.24999999992593)

