

// P = (2, 3, 5, 7, 11, 13, 17, 19, 23, 29, 31, 37, 41, 43, 47, 53, 59, 61, 67, 71, 73, 79, 83, 89, 97, 101, 103, 107, 109, 113, 127, 131, 137, 139, 149, 151, 157, 163, 167, 173, 179, 181, 191, 193, 197, 199, 211, 223, 227, 229, 233, 239, 241, 251, 257, 263, 269, 271, 277, 281, 283, 293, 307, 311, 313, 317, 331, 337, 347, 349, 353, 359, 367, 373, 379, 383, 389, 397, 401, 409, 419, 421, 431, 433, 439, 443, 449, 457, 461, 463, 467, 479, 487, 491, 499) 

// logP = [0 <= i < LENGTH P] (ln P#i)

// 500
// logP = (0.6931471805599453, 1.0986122886681098, 1.6094379124341003, 1.9459101490553137, 2.3978952727983707, 2.5649493574615367, 2.833213344056216, 2.9444389791664407, 3.13549421592915, 3.367295829986474, 3.4339872044851463, 3.610917912644225, 3.713572066704308, 3.761200115693563, 3.850147601710059, 3.970291913552122, 4.07753744390572, 4.110873864173311, 4.204692619390967, 4.2626798770413155, 4.290459441148391, 4.3694478524670215, 4.418840607796598, 4.48863636973214, 4.574710978503383, 4.61512051684126, 4.634728988229636, 4.672828834461907, 4.691347882229144, 4.727387818712341, 4.844187086458591, 4.875197323201152, 4.919980925828125, 4.934473933130692, 5.003946305945459, 5.017279836814924, 5.056245805348309, 5.093750200806762, 5.117993812416755, 5.153291594497779, 5.187385805840755, 5.198497031265826, 5.25227342804663, 5.262690188904886, 5.2832037287379885, 5.293304824724492, 5.351858133476067, 5.407171771460119, 5.424950017481403, 5.43372200355424, 5.451038453565701, 5.476463551931511, 5.484796933490656, 5.525452939131784, 5.54907608489522, 5.572154032177765, 5.59471137960184, 5.602118820879701, 5.6240175061873385, 5.638354669333746, 5.645446897643238, 5.680172609017068, 5.726847747587198, 5.739792912179235, 5.746203190540154, 5.758901773877281, 5.802118375377064, 5.820082930352362, 5.849324779946859, 5.855071922202427, 5.866468056933297, 5.883322388488279, 5.905361848054571, 5.921578419643816, 5.937536205082426, 5.948034989180646, 5.963579343618447, 5.983936280687191, 5.993961427306569, 6.013715156042802, 6.037870919922138, 6.042632833682382, 6.066108090103748, 6.070737728002491, 6.0844994130751715, 6.093569770045136, 6.1070228877422545, 6.124683390894205, 6.133398042996649, 6.137727054086234, 6.1463292576688975, 6.171700597410916, 6.18826412308259, 6.196444127794521, 6.212606095751519)

// 1000
logP = (0.6931471805599453, 1.0986122886681098, 1.6094379124341003, 1.9459101490553137, 2.3978952727983707, 2.5649493574615367, 2.833213344056216, 2.9444389791664407, 3.13549421592915, 3.367295829986474, 3.4339872044851463, 3.610917912644225, 3.713572066704308, 3.761200115693563, 3.850147601710059, 3.970291913552122, 4.07753744390572, 4.110873864173311, 4.204692619390967, 4.2626798770413155, 4.290459441148391, 4.3694478524670215, 4.418840607796598, 4.48863636973214, 4.574710978503383, 4.61512051684126, 4.634728988229636, 4.672828834461907, 4.691347882229144, 4.727387818712341, 4.844187086458591, 4.875197323201152, 4.919980925828125, 4.934473933130692, 5.003946305945459, 5.017279836814924, 5.056245805348309, 5.093750200806762, 5.117993812416755, 5.153291594497779, 5.187385805840755, 5.198497031265826, 5.25227342804663, 5.262690188904886, 5.2832037287379885, 5.293304824724492, 5.351858133476067, 5.407171771460119, 5.424950017481403, 5.43372200355424, 5.451038453565701, 5.476463551931511, 5.484796933490656, 5.525452939131784, 5.54907608489522, 5.572154032177765, 5.59471137960184, 5.602118820879701, 5.6240175061873385, 5.638354669333746, 5.645446897643238, 5.680172609017068, 5.726847747587198, 5.739792912179235, 5.746203190540154, 5.758901773877281, 5.802118375377064, 5.820082930352362, 5.849324779946859, 5.855071922202427, 5.866468056933297, 5.883322388488279, 5.905361848054571, 5.921578419643816, 5.937536205082426, 5.948034989180646, 5.963579343618447, 5.983936280687191, 5.993961427306569, 6.013715156042802, 6.037870919922138, 6.042632833682382, 6.066108090103748, 6.070737728002491, 6.0844994130751715, 6.093569770045136, 6.1070228877422545, 6.124683390894205, 6.133398042996649, 6.137727054086234, 6.1463292576688975, 6.171700597410916, 6.18826412308259, 6.196444127794521, 6.212606095751519, 6.220590170099739, 6.232448016550523, 6.255750041753367, 6.259581464064923, 6.293419278846482, 6.304448802421981, 6.322565239927284, 6.333279628139691, 6.343880434126331, 6.3473892096560105, 6.3578422665081, 6.375024819828097, 6.385194398997726, 6.395261598115449, 6.398594934535208, 6.408528791059498, 6.418364935936212, 6.424869023905388, 6.428105272684596, 6.447305862541214, 6.46302945692067, 6.466144724237619, 6.472346294500901, 6.481577129276432, 6.490723534502507, 6.493753839851687, 6.511745329644728, 6.517671272912275, 6.52649485957079, 6.53813982376767, 6.55250788703459, 6.5638555265321274, 6.577861357721047, 6.58892647753352, 6.597145701886651, 6.6052979209482015, 6.610696044717759, 6.621405651764135, 6.629363253437449, 6.634633357861686, 6.645090969505644, 6.650279048587422, 6.668228248417403, 6.680854678790215, 6.695798917058492, 6.698268054115413, 6.710523109452429, 6.71295620067707, 6.717804695023691, 6.720220155135295, 6.732210706467207, 6.748759547491679, 6.75343791859778, 6.755768921984256, 6.760414691083429, 6.776506992372183, 6.78105762593618, 6.78332520060396, 6.78784498230958, 6.810142450115137, 6.814542897259958, 6.823286122355688, 6.834108738813839, 6.842683282238422, 6.84694313958538, 6.853299093186079, 6.859614903654203, 6.874198495453295, 6.878326468291325, 6.884486652042783, 6.890609120147167, 6.898714534329988, 6.904750769961838)

!! EulerZeta (s) = PI [0 <= n < LENGTH logP] ( 1 / ( 1 - exp (- s * logP#n) ) )

// graph [1<x<5 <> 0.01] (EulerZeta (x))
