
		eval.execute ("correctGamma = 
(1, 0.9735, 0.9514, 0.9330, 0.9182, 
0.9064, 0.8975, 0.8912, 0.8873, 0.8857, 
0.8862, 0.8889, 0.8935, 0.9001, 0.9086, 
0.9191, 0.9314, 0.9456, 0.9618, 0.9799, 1)");


	1
	0.9735042655627663
	0.9513507698668734
	0.9330409311074821
	0.9181687423997602
	0.906402477055477
	0.8974706963062771
	0.8911514420243006
	0.8872638175030754
	0.8856613802710719
	0.886226925452758
	0.8888683478034661
	0.8935153492876903
	0.9001168163172316
	0.9086387328532906
	0.9190625268488838
	0.931383770980241
	0.9456111764062026
	0.961765831907388
	0.9798806512721447
	1.000000000000104
